58 1
17 3
76 43
72 91
47 80
38 44
76 70
85 18
60 83
80 40
6 11
7 8
69 58
87 18
90 4
86 53
47 82
32 78
66 89
3 15
89 54
16 79
78 63
30 41
42 98
71 24
93 54
20 15
91 20
54 44
59 50
55 35
14 35
16 8
64 89
95 8
72 6
49 75
24 76
78 1
50 51
42 100
51 59
2 91
45 71
22 69
71 35
28 9
26 57
41 30
88 35
83 34
40 22
4 11
98 20
73 64
91 45
42 95
47 63
100 75
34 41
96 34
18 75
39 73
89 10
96 97
58 76
12 74
80 89
33 78
87 58
38 86
20 80
94 5
78 55
77 13
81 38
42 10
81 1
73 52
72 65
62 68
29 28
56 36
93 30
98 81
53 58
46 74
77 87
23 51
2 37
57 46
80 11
27 96
12 14
71 84
64 26
93 7
28 42
13 12
89 55
33 96
92 63
53 83
23 66
61 11
21 94
56 79
33 68
36 39
30 32
21 69
35 58
26 83
62 29
36 5
18 88
71 36
8 16
17 92
28 65
23 79
14 38
16 93
13 70
44 17
4 46
53 75
89 64
15 17
33 16
9 13
8 59
27 61
16 7
74 53
11 4
60 90
61 91
89 8 
20 42
82 100
31 23
91 59
49 43
32 52
99 44
33 91
4 60
68 62
70 78
75 74
2 23
85 37
67 56
61 20
28 29
39 11
42 27
74 86
33 77
56 48
65 72
4 39
8 93
75 47
66 31
79 2
17 99
14 9
76 32
52 70
21 85
37 49
43 22
69 83
34 96
97 21
87 77
48 33
72 62
77 67