247 255
312 91
171 152
157 217
363 322
104 327
35 227
213 270
6 169
284 150
344 164
55 61
233 104
250 273
310 287
134 98
356 174
4 217
133 102
284 42
108 45
187 338
127 58
187 109
66 48
200 48
282 346
99 346
173 295
393 335
11 233
30 246
122 249
395 344
376 102
188 51
307 2
389 41
152 357
344 298
302 301
168 72
99 238
189 131
161 69
353 239
94 244
66 182
181 132
98 134
277 365
290 304
329 3
246 234
366 70
140 252
300 241
314 139
186 368
390 363
15 257
142 298
238 6
288 123
155 237
182 370
256 319
126 209
98 376
313 301
156 88
197 89
54 306
141 194
191 311
232 83
359 124
58 196
149 314
94 378
286 319
382 27
24 319
146 16
165 258
46 78
321 17
51 156
389 188
213 191
72 215
306 153
322 363
382 148
49 204
150 27
130 314
47 279
14 102
234 371
1 204
46 320
10 397
178 210
150 148
342 318
180 27
321 151
2 105
169 282
315 336
180 148
386 216
298 103
206 285
296 215
120 218
139 231
83 336
363 390
32 290
2 118
120 339
258 165
399 289
335 304
318 108
276 340
97 368
17 116
344 245
140 186
300 175
314 73
346 291
277 191
268 371
31 135
325 353
251 175
77 22
149 127
223 76
33 181
179 6
225 122
299 71
288 178
12 14
58 130
89 197
149 248
198 369
19 138
142 245
188 361
183 17
255 122
70 76
259 12
130 127
322 297
363 69
368 184
95 25
136 26
86 205
259 133
130 248
231 34
146 192
113 15
211 92
73 387
144 267
259 254
37 141
264 332
234 197
197 278
282 93
42 377
377 101
99 93
250 262
117 147
351 85
34 149
53 162
39 227
92 90
105 29
32 224
71 152
365 104
268 171
92 211
326 149
36 50
215 52
44 170
131 58
78 168
64 4
247 391
277 233
235 236
240 351
298 63
110 12
256 295
85 184
392 112
87 230
91 120
110 133
163 225
209 112
154 176
80 190
11 356
286 295
360 15
2 307
161 300
87 122
18 251
362 61
301 51
110 254
126 198
346 238
82 128
18 372
128 15
31 311
311 365
108 302
149 303
228 367
264 24
33 128
360 257
146 5
387 131
10 144
385 21
246 357
320 306
260 26
158 244
237 308
369 198
135 31
234 239
225 190
128 257
348 260
293 324
315 83
306 263
130 303
280 247
65 93
192 134
373 209
255 190
21 23
347 193
245 145
317 250
138 19
28 147
382 150
368 252
338 309
178 91
153 263
158 378
53 96
89 278
192 376
250 317
62 266
351 140
62 37
323 41
221 30
69 161
324 387
257 397
57 43
213 327
20 161
180 150
298 105
349 336
266 338
379 215
243 61
41 341
261 344
99 282
57 56
184 97
365 172
304 162
268 239
78 115
298 118
325 221
66 226
200 226
272 102
29 344
188 108
224 290
96 290
302 129
214 245
219 360
225 111
323 188
207 242
50 295
325 234
232 6
85 252
112 126
255 111
45 301
311 191
314 196
327 135
239 22
338 1
235 317
343 116
274 245
279 360
12 16
177 83
168 263
374 368
371 299
259 14
61 258
80 271
253 199
368 186
301 361
241 81
356 31
171 22
123 210
67 315
345 259
102 272
248 326
242 23
266 380
247 138
164 103
117 28
58 387
218 339
226 200
331 216
138 87
136 162
7 277
26 290
53 393
345 272
372 375
196 149
145 103
346 93
249 160
138 100
391 280
220 398
335 348
173 286
332 50
115 52
290 53
6 65
293 58
36 173
96 224
228 114
282 350
230 160
120 288
87 111
193 12
339 66
311 233
215 296
256 68
94 235
99 350
135 7
85 186
76 366
277 356
59 170
389 45
193 133
314 130
47 15
30 371
181 15
167 117
286 68
79 4
24 68
203 299
1 84
257 10
221 353
73 189
193 254
298 307
319 366
267 176
239 77
260 136
339 200
107 308
181 257
327 311
98 259
373 198
385 23
384 64
12 192
144 82
162 136
248 139
19 87
10 267
32 26
371 246
285 206
257 144
384 185
202 208
296 72
334 364
293 326
342 188
278 203
171 77
391 80
126 334
363 18
349 83
294 147
280 249
170 377
178 201
357 203
348 383
378 262
102 98
41 88
206 155
305 134
136 96
26 224
194 37
185 217
49 329
109 380
35 165
169 394
326 314
111 160
56 224
364 340
1 329
132 219
335 53
393 260
44 106
30 171
309 266
309 37
372 322
358 158
356 233
304 43
6 349
157 289
113 219
383 43
365 174
194 292
69 297
55 362
297 161
272 333
38 166
346 282
291 346
304 56
288 48
4 289
205 50
265 64
22 77
383 56
66 120
318 341
43 136
216 64
202 129
301 108
12 5
265 185
399 185
176 113
52 306
98 193
354 119
216 185
293 139
210 370
325 357
306 78
125 3
149 131
281 250
341 301
238 65
288 182
116 75
148 27
198 373
225 247
153 78
306 320
72 153
359 183
259 16
130 131
262 250
44 27
271 255
123 91
255 247
53 32
378 317
359 75
326 127
295 319
44 148
156 389
247 19
252 97
71 22
141 266
153 320
46 379
151 166
44 40
164 105
370 210
136 43
37 266
166 151
157 331
41 156
154 33
137 389
136 393
2 164
363 328
275 215
145 105
272 146
84 95
43 57
87 100
307 103
312 218
231 293
397 33
30 239
217 331
134 333
115 54
249 283
312 339
372 390
64 8
325 278
366 50
397 154
127 293
108 51
2 298
332 173
381 294
193 14
177 6
3 119
228 237
176 47
195 60
355 49
186 240
115 296
230 283
1 194
18 363
293 73
311 356
94 358
75 116
346 350
24 70
68 76
278 71
94 250
179 65
285 195
82 132
357 71
141 187
174 135
58 189
223 256
168 320
176 181
33 132
368 351
186 374
285 316
266 74
156 202
197 203
202 318
269 79
74 25
201 66
60 90
294 28
156 323
51 41
40 377
95 84
389 302
40 148
134 12
86 264
347 305
70 256
259 192
116 143
372 69
363 20
60 211
137 202
257 267
384 79
134 133
157 265
243 39
96 26
192 259
137 323
233 31
90 211
324 149
351 252
7 213
134 254
260 393
122 163
39 165
395 29
157 386
330 85
201 200
261 214
32 162
291 93
337 209
134 146
323 45
111 391
143 343
160 283
25 95
217 265
310 227
29 214
318 88
282 394
111 283
4 157
157 399
13 391
393 383
217 386
217 157
189 58
97 240
124 343
191 104
358 281
55 243
85 351
249 230
18 297
4 399
59 106
50 286
31 7
339 123
8 289
333 345
217 399
184 222
244 236
307 63
110 192
80 249
354 1
1 141
190 13
336 67
10 82
108 361
259 5
299 77
161 372
238 67
174 311
72 263
361 137
199 75
237 367
89 203
56 26
190 255
225 249
123 201
86 319
328 81
129 137
148 150
239 268
192 193
211 206
285 155
255 249
136 32
208 137
342 137
47 219
321 199
352 266
32 96
393 304
352 37
44 150
370 91
273 158
226 312
364 276
9 85
50 86
215 153
330 140
65 394
302 41
44 42
76 223
296 263
356 277
282 99
221 89
59 27
171 268
391 271
303 387
358 94
379 153
59 148
298 164
160 230
132 397
168 54
44 284
319 223
62 338
351 212
1 62
6 177
307 105
207 167
59 40
353 221
380 95
110 5
131 293
291 282
313 41
392 334
318 156
101 121
290 57
54 46
133 110
339 178
3 1
113 397
307 118
353 234
193 16
243 362
191 172
394 6
366 173
135 11
302 188
15 360
288 226
232 65
204 3
308 60
253 124
79 8
84 352
329 119
293 196
339 312
223 366
140 368
396 294
341 129
167 242
179 67
73 314
188 301
158 358
65 315
244 317
95 194
361 313
158 250
77 325
116 253
60 92
104 135
183 199
76 36
134 14
199 143
363 251
187 25
13 138
338 194
90 92
365 31
342 313
359 253
9 140
363 372
289 157
25 84
319 36
398 329
32 393
178 218
305 259
236 159
367 90
289 399
143 116
8 157
27 170
388 149
178 339
258 39
340 337
106 170
6 232
367 211
224 162
96 162
305 272
263 275
268 353
120 226
249 111
221 278
279 219
138 280
105 103
229 398
8 399
369 112
346 394
152 299
237 114
182 178
283 230
291 350
327 7
387 58
82 176
323 302
73 127
100 230
293 130
193 192
77 246
89 71
314 189
33 176
374 240
98 305
371 171
73 248
26 136
100 122
36 366
144 128
295 68
198 364
109 292
238 177
362 243
56 136
107 367
211 195
257 82
201 123
275 72
234 71
113 10
211 316
197 152
95 141
34 131
254 134
132 144
261 29
104 311
117 21
370 201
70 205
326 131
116 321
138 80
372 18
252 330
305 193
272 16
7 270
240 212
190 391
5 345
113 144
252 222
250 378
379 263
273 281
92 206
105 145
224 96
55 287
41 389
196 34
173 50
71 268
194 338
194 109
185 289
59 150
270 104
215 168
228 107
159 273
346 99
188 156
6 179
59 42
193 5
320 46
297 328
154 279
16 345
365 233
203 171
309 338
87 225
17 166
210 66
235 244
59 284
191 174
397 279
202 188
73 303
128 10
95 62
329 1
389 51
315 65
353 357
72 78
232 67
179 177
63 2
128 360
380 352
204 355
19 80
160 19
258 362
151 199
137 301
371 239
338 62
72 320
111 19
88 301
28 21
82 257
26 96
306 379
199 253
58 314
39 35
146 134
239 325
13 19
296 78
134 16
287 258
273 94
245 261
56 96
41 202
220 204
153 379
356 213
185 331
157 269
102 333
47 397
248 387
41 323
201 312
146 376
297 20
21 381
296 320
48 218
268 221
171 325
245 274
50 264
212 97
60 228
48 339
230 87
309 380
249 100
4 269
345 333
245 395
367 92
45 41
224 43
233 277
145 164
219 113
217 269
2 344
337 334
268 234
37 338
372 328
96 393
127 231
99 169
208 341
230 100
87 280
119 3
22 299
182 288
283 111
107 114
10 181
276 337
100 111
31 11
177 65
121 170
19 122
269 4
86 68
102 12
85 368
126 369
355 229
179 232
161 363
155 60
58 127
102 133
350 6
220 125
332 366
354 125
68 256
238 179
384 4
246 299
58 248
218 200
345 12
168 379
190 138
165 310
51 208
62 74
345 133
171 246
9 184
391 249
102 146
74 84
160 87
192 305
151 38
389 361
213 135
139 149
345 254
111 87
344 29
117 23
26 393
141 380
134 192
199 321
92 195
185 157
345 146
372 20
303 149
330 252
160 100
132 267
25 141
51 342
13 87
118 103
92 316
37 380
56 393
157 216
5 347
27 106
187 95
302 45
159 262
219 47
310 165
185 399
339 48
256 50
113 267
219 397
34 388
4 216
50 332
30 353
286 50
291 394
217 216
24 50
115 168
326 388
59 44
279 47
57 348
318 389
313 45
276 392
1 187
279 397
339 182
265 4
22 246
149 58
267 279
47 10
181 10
365 356
10 128
161 297
362 287
174 7
232 177
3 354
3 125
350 169
382 121
98 133
390 241
343 166
315 67
130 58
19 190
98 254
348 136
58 303
378 244
83 67
195 308
47 144
107 195
294 21
321 124
233 11
357 77
134 5
172 31
180 121
28 23
322 241
234 357
107 316
46 306
266 309
390 375
16 134
245 142
385 381
379 78
213 311
166 199
9 252
50 24
129 88
93 394
27 40
164 274
7 327
208 88
106 40
224 32
96 32
275 263
159 317
44 101
164 395
379 320
53 335
242 207
352 338
374 97
145 274
200 210
71 325
365 277
291 99
318 202
323 51
92 155
138 271
243 287
36 223
330 212
182 48
335 290
283 100
145 395
341 41
131 231
76 295
318 323
101 59
307 164
298 344
228 285
300 390
300 161
189 293
101 180
268 357
348 57
251 390
251 161
347 98
210 123
108 341
204 49
80 13
319 295
390 175
119 355
394 65
177 67
107 237
52 72
313 342
327 11
198 126
266 1
156 129
49 3
257 181
307 298
389 108
86 70
245 63
264 76
135 191
80 255
102 14
1 3
253 183
197 22
183 124
202 137
77 371
125 119
144 132
42 121
190 19
322 175
93 315
373 369
137 129
100 247
26 32
191 365
345 14
331 79
267 360
88 129
74 194
247 122
56 32
9 186
336 315
385 207
109 309
12 376
309 74
187 84
238 315
95 266
356 270
254 259
312 200
372 251
289 216
397 15
316 90
333 259
118 105
30 221
71 30
268 278
221 203
166 38
60 285
316 211
335 224
233 213
15 219
254 272
78 275
78 46
325 152
8 216
333 272
30 234
186 222
90 285
48 288
395 103
6 291
196 388
256 173
304 335
170 106
210 178
242 396
61 55
121 106
286 173
24 173
392 340
225 163
54 52
133 345
207 294
172 7
292 109
209 340
140 240
314 127
304 348
323 361
255 163
293 189
232 179
383 348
314 248
376 345
197 77
257 128
109 1
21 117
114 308
77 197
253 359
299 246
104 7
202 313
329 354
95 187
329 125
375 241
141 74
61 310
294 23
192 12
156 318
101 382
68 205
324 131
37 74
47 267
74 141
201 182
60 206
132 82
192 133
338 187
254 193
248 149
27 150
247 190
192 254
333 193
137 318
145 142
90 206
241 375
146 259
113 82
27 42
393 136
351 368
2 214
395 145
340 209
106 42
97 222
317 262
108 88
220 329
66 91
200 91
236 273
136 335
34 324
386 217
212 330
14 345
27 284
84 266
84 37
170 40
106 284
6 346
326 324
152 171
168 115
121 40
214 2
332 223
222 351
249 225
87 163
6 238
59 101
293 231
237 107
174 172
12 110
77 239
237 228
75 166
383 53
355 220
258 287
230 225
274 2
191 233
394 67
314 303
74 62
387 293
269 8
375 175
31 365
125 1
89 77
102 16
126 373
19 247
184 351
239 371
393 57
384 8
169 83
72 379
245 307
345 16
369 373
69 81
20 81
135 327
143 151
146 193
187 194
275 78
310 35
70 319
185 269
171 371
23 207
269 384
241 322
203 30
259 376
240 97
364 392
205 76
124 151
229 204
275 320
316 92
365 213
296 379
332 36
25 266
164 344
103 105
282 336
323 108
119 49
284 382
17 38
108 156
242 385
99 336
263 215
249 280
15 113
395 105
188 41
210 288
182 226
30 357
145 344
271 160
45 342
320 52
177 232
42 44
99 349
63 103
230 280
235 358
133 347
334 337
205 223
10 132
170 121
202 302
31 191
378 235
22 371
204 119
179 291
178 66
376 347
54 296
67 6
34 58
102 192
5 259
239 197
371 353
352 74
199 17
326 58
226 120
229 125
335 26
232 315
345 192
5 272
178 200
305 12
62 25
6 93
171 197
138 249
187 141
388 131
300 18
16 259
305 133
236 262
356 327
122 160
185 216
251 18
270 31
41 208
27 44
200 201
30 278
305 254
269 331
230 80
106 44
298 214
55 227
160 280
228 155
233 270
16 272
324 388
76 286
184 85
34 326
15 47
221 152
23 396
367 206
196 324
22 171
170 42
276 209
64 289
205 36
380 37
154 219
121 42
374 222
319 286
341 45
392 276
337 340
381 117
260 56
31 233
339 120
366 223
163 160
209 276
283 225
295 50
85 240
170 284
334 392
100 225
394 177
347 102
177 179
397 219
223 295
121 284
102 5
162 56
382 59
165 61
203 353
67 169
246 171
259 110
364 126
80 138
179 346
382 180
390 300
150 59
389 341
45 302
191 356
380 292
144 15
345 5
350 349
262 236
47 82
327 365
179 238
19 249
1 380
150 180
241 69
180 59
171 239
195 367
391 13
160 80
321 183
144 257
111 80
322 300
248 314
321 75
233 191
197 268
16 193
2 29
81 322
282 83
53 260
139 34
391 255
60 155
261 145
13 80
99 83
319 86
269 265
34 139
372 363
231 387
325 22
269 386
90 155
29 145
361 389
326 139
226 201
331 217
143 166
297 81
32 335
140 97
184 140
6 282
105 261
129 389
210 48
366 36
302 51
11 104
43 56
208 389
290 162
91 218
176 33
300 328
360 113
189 231
288 210
105 274
191 277
91 339
251 328
22 239
283 280
176 154
88 41
346 336
285 60
128 113
307 344
18 241
343 38
100 280
105 395
301 41
394 232
320 54
36 295
237 285
94 236
341 342
1 49
63 105
371 221
271 283
40 121
169 6
172 11
204 229
149 293
168 306
204 1
355 398
156 188
320 296
278 299
42 59
248 127
327 191
82 360
63 118
371 234
357 299
257 132
293 314
193 376
246 239
378 358
359 116
130 293
264 256
42 180
33 360
13 122
137 188
104 11
21 242
378 250
281 317
88 188
299 371
266 194
219 82
351 9
34 73
194 25
361 202
372 297
305 14
361 323
326 73
83 315
262 317
129 202
41 318
300 20
71 197
81 390
208 202
309 25
23 385
367 195
279 82
64 157
129 323
251 20
335 162
118 164
71 89
150 382
365 270
208 323
122 283
120 210
276 198
353 152
344 103
360 47
48 226
235 281
180 382
340 334
196 326
203 221
318 208
170 44
6 350
128 47
18 175
389 88
86 50
121 44
10 176
142 103
163 391
195 114
267 219
360 181
299 171
244 235
362 227
293 127
31 356
394 179
213 104
163 283
302 361
295 173
126 364
79 289
271 230
123 66
128 181
81 69
293 248
232 238
396 117
167 294
178 123
114 367
296 115
70 68
278 246
369 364
341 302
74 187
24 366
132 128
183 359
357 246
241 300
375 300
177 315
111 190
303 131
201 120
252 85
68 264
123 200
308 367
146 305
113 128
13 190
206 90
63 307
159 244
136 260
263 72
298 29
344 145
335 96
247 249
206 211
164 214
95 380
310 39
318 129
53 383
328 322
330 368
196 139
27 101
272 134
346 83
240 330
106 101
386 384
105 142
242 147
159 378
233 327
145 214
117 381
98 102
277 104
175 322
249 271
122 230
290 43
240 222
193 110
243 227
349 394
272 376
337 276
323 341
249 163
288 91
202 51
367 155
224 335
96 335
108 389
181 113
230 271
290 56
73 58
188 45
154 397
368 97
84 338
389 156
224 348
38 343
179 282
387 231
332 295
293 303
299 239
385 242
151 75
266 62
51 137
282 6
213 172
158 236
350 177
10 257
192 5
174 365
309 1
75 359
371 357
252 140
68 319
141 309
377 27
178 312
197 325
351 240
37 309
152 30
377 148
196 73
349 315
321 253
305 16
26 335
34 196
221 22
9 368
28 381
160 271
118 274
319 264
85 97
203 89
120 91
326 196
111 271
108 202
275 379
335 393
187 266
118 395
214 103
38 143
167 28
351 374
117 207
134 376
328 390
386 331
205 256
78 215
108 323
344 105
94 159
173 223
302 108
103 164
376 259
188 208
133 272
191 213
210 226
270 277
75 38
66 218
200 218
112 334
52 54
79 157
291 336
277 172
175 390
274 103
119 229
45 51
66 339
200 339
57 290
376 272
142 105
276 334
86 173
91 288
177 291
77 353
52 296
313 108
280 160
65 6
371 278
211 60
271 111
257 176
188 342
141 1
287 55
89 299
190 122
195 237
327 356
308 114
244 358
49 119
202 361
324 58
37 1
350 232
179 350
1 119
373 364
51 313
370 66
67 65
328 69
151 143
7 135
254 12
264 205
157 79
14 259
234 299
333 12
352 25
34 130
287 310
254 133
231 149
391 138
206 92
333 133
62 84
370 200
323 88
268 152
221 77
326 130
4 79
14 272
397 10
127 149
333 254
173 36
305 192
76 332
217 79
136 383
139 388
194 95
73 34
386 265
55 165
316 206
242 28
154 144
333 146
324 326
365 327
6 394
386 157
303 388
215 275
25 380
319 332
156 45
307 214
133 98
265 217
325 268
399 217
237 155
397 144
311 104
283 271
388 324
140 222
57 224
203 278
170 101
216 217
1 292
147 117
386 399
334 209
36 286
283 163
121 101
137 45
152 353
100 163
204 220
88 45
267 47
186 351
148 59
258 227
54 168
174 233
301 45
380 338
177 238
176 279
267 397
47 128
181 128
366 295
89 246
331 8
114 195
67 349
81 18
361 301
213 174
204 354
350 179
14 193
248 131
165 362
156 313
76 24
114 316
12 305
364 198
129 301
270 11
41 188
239 203
118 142
305 5
164 29
7 311
342 301
166 75
317 244
138 13
13 247
32 260
335 32
104 365
319 24
324 139
296 306
260 383
172 270
23 147
353 22
124 199
36 86
377 150
294 381
145 29
291 83
222 212
120 201
6 99
331 384
138 255
163 19
323 156
395 261
292 25
195 92
214 105
103 274
246 30
256 223
103 395
395 274
202 108
97 351
91 48
214 118
286 223
24 223
184 212
271 100
274 105
158 159
77 234
311 172
341 51
18 300
114 237
40 59
394 291
149 231
63 164
189 303
49 1
54 115
21 167
40 180
169 65
274 118
12 347
232 350
383 290
1 229
280 283
220 3
260 304
301 342
172 191
259 345
130 231
308 237
151 253
92 60
171 353
162 304
289 79
19 255
63 298
123 312
324 73
122 87
254 14
278 371
330 9
333 14
104 191
357 371
62 194
194 84
207 23
50 76
143 38
148 382
196 130
8 79
5 333
113 132
316 195
219 33
131 149
81 328
84 74
122 100
166 143
256 36
44 382
219 154
64 216
286 36
24 36
152 221
312 210
279 33
284 377
270 213
163 87
154 267
118 344
267 144
38 321
272 259
117 385
115 275
115 46
279 154
191 270
110 345
388 326
244 281
45 108
22 353
397 267
163 100
33 219
332 286
392 337
225 160
304 224
362 165
320 168
218 120
278 171
383 224
209 337
66 288
107 60
368 330
5 12
43 304
357 171
255 160
227 61
394 238
28 117
368 222
5 133
239 71
156 302
174 356
155 114
275 115
5 254
165 243
280 230
285 308
178 182
370 123
81 20
246 353
5 146
266 187
137 302
338 292
16 12
328 18
111 249
97 85
231 314
88 302
363 241
151 321
16 133
241 251
259 305
23 28
13 249
25 74
379 306
16 254
30 152
57 26
241 372
62 141
103 142
175 18
139 324
331 265
212 85
74 380
32 383
11 31
236 378
332 86
318 188
395 142
226 370
307 29
331 386
224 260
303 324
248 388
96 260
388 139
71 203
272 193
244 94
316 155
85 222
221 268
348 43
331 399
119 220
302 341
355 204
390 161
87 160
389 202
105 214
195 107
179 99
198 112
348 56
311 174
209 392
195 228
119 354
17 343
320 115
77 357
322 161
313 341
373 126
169 67
347 110
144 10
278 239
281 244
252 186
357 239
370 178
67 177
282 65
361 129
144 360
259 347
171 234
61 362
135 311
190 247
102 134
363 175
354 355
32 304
197 371
291 6
26 260
356 135
153 72
268 22
218 201
97 140
262 244
208 129
342 129
254 16
56 260
345 134
102 376
330 240
55 35
41 137
333 16
324 196
2 145
370 312
172 327
213 365
166 253
152 89
212 140
388 73
159 250
134 193
263 78
309 194
345 376
380 74
300 81
29 261
386 269
78 153
17 143
251 81
330 374
22 221
182 210
325 30
261 274
168 46
263 320
205 86
261 395
29 274
175 328
381 396
59 382
381 167
155 90
193 345
110 347
196 387
292 95
22 234
79 216
29 395
103 344
109 95
91 226
341 108
93 6
82 113
142 164
288 218
147 242
73 293
246 221
177 350
366 286
33 113
253 116
294 117
5 14
46 52
225 283
1 309
68 70
288 339
3 355
157 4
162 348
47 132
336 6
303 58
299 353
280 111
255 283
67 232
350 291
116 124
384 289
81 251
86 366
268 77
89 371
185 79
317 235
113 176
104 356
16 14
324 130
217 4
81 372
328 20
9 240
352 84
34 189
194 141
361 318
254 192
37 194
41 313
382 377
302 88
333 192
277 31
20 375
175 20
139 326
326 189
129 318
294 385
154 82
314 34
374 85
167 21
150 377
208 318
304 26
309 141
166 321
9 374
358 262
303 326
187 380
383 26
323 389
180 377
1 109
152 278
224 383
353 268
36 332
96 383
108 208
397 82
94 273
57 162
313 88
223 50
80 230
52 168
43 348
82 47
87 391
260 53
394 282
89 171
80 122
33 47
112 340
360 176
87 283
375 161
265 289
70 50
108 342
116 166
336 169
162 53
308 107
271 225
216 289
128 176
169 177
398 1
193 305
345 110
308 228
225 230
390 297
82 181
393 43
123 182
238 169
287 61
359 166
350 346
61 243
234 171
266 352
49 354
49 125
255 230
67 179
282 67
34 231
213 233
254 5
190 249
350 238
11 354
21 125
132 15
99 67
333 5
211 308
393 56
250 236
53 136
309 62
326 231
171 357
264 319
117 242
26 383
270 191
36 24
303 139
275 306
132 257
261 142
323 202
56 383
298 145
69 322
344 261
248 324
127 34
242 21
118 214
374 140
29 142
20 322
78 263
312 201
358 317
289 217
201 370
182 91
113 257
302 156
388 196
57 96
318 137
122 225
344 274
292 84
214 164
219 279
43 53
142 261
221 325
340 276
362 35
246 89
399 331
344 395
8 217
98 110
337 392
216 331
156 51
343 143
133 333
119 398
193 347
155 92
52 115
313 156
299 221
142 274
274 164
45 341
22 357
295 223
195 285
214 298
220 49
280 100
354 49
142 395
137 51
376 333
271 280
384 157
394 350
53 57
89 239
88 51
396 167
179 169
24 295
10 360
5 16
46 54
65 67
299 234
202 301
26 304
141 62
58 293
261 63
63 344
274 298
139 73
292 352
199 124
56 304
37 62
28 242
229 3
46 296
109 352
30 22
329 355
212 184
303 73
352 194
200 66
35 258
95 309
241 363
375 363
328 251
133 12
317 358
233 135
328 372
243 35
196 189
173 205
388 130
38 17
222 97
175 251
304 136
15 33
48 210
87 138
376 12
331 269
50 256
14 333
311 31
66 200
272 305
167 23
84 25
175 372
122 280
15 154
376 133
133 146
69 390
399 265
108 318
322 18
267 82
318 313
20 390
376 254
17 321
265 157
399 386
399 157
297 375
295 36
80 111
11 277
57 393
38 151
290 335
101 170
216 157
376 146
205 264
12 98
3 49
350 93
371 152
265 399
223 173
383 162
364 112
355 329
47 176
181 176
32 53
216 399
290 348
95 109
246 278
163 280
176 219
281 235
248 58
183 343
169 179
95 1
70 173
74 292
14 12
5 192
156 361
151 17
178 120
338 109
231 131
262 235
14 133
285 367
21 294
241 297
370 182
375 297
122 80
20 69
14 254
206 195
137 361
62 187
337 126
213 356
249 13
226 66
102 259
88 361
363 300
14 146
206 316
187 74
352 141
16 192
346 67
273 262
240 85
212 252
372 241
344 142
55 39
233 311
131 34
332 24
134 305
120 370
249 255
230 13
92 308
182 201
188 137
45 88
163 80
186 212
203 152
103 214
230 255
353 325
270 327
177 99
392 209
304 96
395 214
205 319
297 322
383 96
112 276
86 223
205 332
342 41
232 169
61 287
322 328
140 351
146 102
65 177
296 46
155 107
213 277
75 343
350 282
308 285
192 110
352 62
269 64
155 228
378 236
157 8
294 242
160 13
299 357
321 116
257 360
16 5
269 185
361 188
111 13
102 193
47 257
291 65
139 196
39 258
367 60
4 8
212 186
372 175
23 21
229 355
129 188
160 255
118 29
164 145
365 135
217 8
236 250
208 188
273 317
240 140
111 255
345 193
133 14
303 196
51 389
173 86
398 204
48 91
87 19
97 212
256 205
27 382
25 309
13 255
360 33
57 32
318 302
34 314
194 266
376 14
78 320
157 384
353 30
110 272
325 197
80 100
286 205
360 154
235 159
6 336
128 33
18 161
86 36
205 24
380 25
292 141
325 89
75 143
322 20
305 376
387 149
258 35
263 379
115 215
225 87
128 154
147 167
4 384
45 156
217 384
156 108
255 87
287 39
366 332
306 52
369 337
388 387
299 278
225 100
304 393
285 114
343 321
73 231
389 208
260 57
297 390
259 98
383 393
314 293
93 65
65 232
137 108
255 100
329 49
153 52
185 4
264 68
80 247
88 108
162 57
385 294
142 344
183 116
315 6
356 7
278 353
391 230
281 358
336 65
220 119
357 353
398 125
348 304
389 342
67 291
7 11
227 243
282 179
347 345
139 130
116 183
83 6
391 122
248 73
25 1
51 202
219 15
364 369
262 358
303 130
51 323
324 189
169 315
34 127
166 17
148 377
154 128
283 13
219 257
351 184
34 248
309 187
152 203
279 15
297 69
44 377
140 85
272 12
381 147
326 248
293 34
231 388
110 98
366 24
397 128
228 90
272 133
392 198
279 257
50 205
127 388
302 389
209 198
228 211
11 213
341 88
272 254
101 106
276 373
394 99
135 104
168 52
195 155
249 391
68 50
362 39
4 331
26 53
256 286
283 160
100 160
56 53
262 158
313 389
24 286
63 214
230 391
271 163
315 169
65 179
123 120
7 174
334 340
176 397
83 169
245 2
336 349
377 121
289 8
280 225
67 346
158 235
143 75
238 349
305 110
67 238
218 370
116 359
69 18
215 72
32 136
252 368
211 367
291 67
287 362
328 363
20 18
6 83
37 187
226 123
391 190
124 75
379 72
48 201
34 303
133 16
108 188
256 86
302 202
30 268
71 77
122 271
103 29
268 325
326 303
224 26
210 91
289 384
200 312
286 86
24 86
222 330
101 40
221 371
376 16
307 145
196 314
160 391
168 215
371 22
304 32
4 265
265 269
339 218
399 269
8 384
94 158
383 32
374 212
313 202
15 279
216 269
4 386
311 277
116 38
99 394
214 344
341 156
234 30
313 323
389 318
12 102
306 54
177 169
378 159
278 221
163 271
135 172
184 330
151 116
357 221
144 113
359 38
28 167
179 336
382 170
93 67
32 57
285 237
384 216
188 341
274 344
169 291
153 54
306 296
58 231
278 234
264 70
391 111
229 49
220 229
354 229
220 1
357 234
150 170
155 285
14 16
179 349
349 6
153 296
180 170
199 183
125 355
226 178
74 309
41 361
248 196
319 76
227 258
268 30
196 127
2 261
184 9
351 186
203 22
282 315
249 138
133 192
381 28
205 68
124 143
196 248
99 315
173 264
388 189
272 14
323 208
175 81
139 387
221 197
193 98
69 328
289 331
228 92
131 388
2 274
277 213
230 138
20 328
376 192
2 395
288 200
59 377
246 203
265 216
17 151
399 216
8 331
182 218
176 144
396 147
267 33
368 85
323 342
207 396
155 206
67 93
361 45
144 47
182 339
130 149
283 391
190 163
267 154
308 155
98 345
68 173
54 275
100 391
114 60
3 229
168 296
209 334
129 45
74 109
165 227
211 114
164 2
100 283
342 45
89 353
77 299
350 394
262 281
74 1
46 168
197 71
169 238
144 181
9 222
42 170
266 292
145 2
370 120
172 135
386 64
102 305
14 192
248 130
60 308
352 187
233 7
318 51
263 115
287 243
120 66
199 359
133 5
386 185
69 20
234 353
160 138
90 308
70 366
240 252
345 305
111 138
358 244
335 260
203 77
376 5
372 300
231 324
224 136
210 201
196 303
129 313
289 265
96 136
173 319
208 313
337 198
189 34
120 200
92 367
312 370
289 386
127 324
297 18
62 380
161 322
101 42
358 378
344 214
8 265
173 332
11 270
179 83
188 88
31 104
8 386
80 225
360 279
126 112
368 140
63 29
101 284
45 389
292 266
292 37
94 281
262 94
156 341
109 266
142 214
128 279
109 37
12 333
348 53
394 169
135 174
350 99
93 177
253 166
260 290
334 276
259 102
14 5
275 46
137 341
51 301
67 282
86 295
232 349
185 8
88 341
336 177
162 290
248 293
201 218
46 115
255 225
141 352
301 341
356 11
166 116
278 357
96 57
316 60
132 10
172 311
37 352
240 186
226 288
143 253
132 360
261 245
7 365
364 373
391 247
284 121
173 24
85 140
11 191
250 244
310 258
2 142
29 245
249 19
124 253
113 360
187 309
154 132
333 134
30 325
324 314
323 318
185 384
353 197
205 70
298 261
191 135
215 263
256 264
108 137
283 138
318 361
84 194
230 19
254 376
18 328
78 379
100 138
45 202
353 89
110 102
397 132
333 376
286 264
38 199
346 315
24 264
186 97
115 153
343 17
202 41
207 385
45 323
298 274
91 210
380 84
311 213
295 205
80 280
396 28
184 374
244 159
161 390
340 392
298 395
72 52
89 221
43 290
10 113
257 219
260 224
26 57
320 275
31 172
339 288
204 329
176 267
314 231
19 283
93 232
382 106
98 347
357 278
343 151
89 234
56 57
231 58
162 224
65 291
225 280
150 106
125 49
336 232
234 221
239 299
247 160
211 237
156 301
252 9
2 63
255 280
329 229
296 52
180 106
187 1
192 345
238 232
365 7
67 350
282 238
361 302
139 189
92 114
138 230
83 65
229 119
291 179
324 127
7 191
18 20
171 299
138 122
69 251
129 302
303 189
201 178
393 348
200 182
324 248
208 302
342 302
20 251
386 79
69 372
143 321
330 184
20 372
231 326
251 241
22 152
335 383
25 194
131 324
194 380
249 87
367 308
124 321
163 249
108 313
127 326
272 192
277 270
84 141
225 80
235 273
101 44
325 203
256 332
237 90
369 209
300 375
43 224
387 34
10 47
137 88
255 80
334 373
251 375
237 211
181 279
167 381
286 332
382 40
24 332
327 104
285 107
274 214
224 393
301 88
246 152
353 278
341 389
112 337
198 340
373 112
371 268
285 228
150 40
147 294
61 227
19 230
93 179
65 346
280 271
165 55
354 220
158 281
180 40
259 333
218 66
42 106
295 286
377 59
363 161
65 238
280 163
197 357
7 233
315 349
254 110
226 48
331 64
336 179
377 180
303 231
239 246
333 110
233 172
273 244
83 349
331 185
220 354
393 53
120 123
340 126
102 254
231 139
159 236
324 303
84 62
226 182
256 24
127 139
178 370
355 3
272 5
273 378
185 265
212 368
138 190
298 142
196 131
283 19
286 24
263 306
390 81
87 80
185 386
100 19
168 153
267 132
115 263
64 217
193 102
50 319
380 194
110 333
388 314
295 86
140 212
11 327
341 202
203 268
142 29
288 312
242 381
42 27
300 322
341 323
322 81
167 207
57 335
338 25
183 151
177 336
251 322
347 259
158 94
259 146
72 54
3 220
42 148
112 392
234 89
137 156
31 174
245 103
42 40
88 156
148 170
327 172
257 113
301 156
72 296
347 272
177 349
70 223
51 129
169 350
89 357
47 360
284 44
181 360
146 110
5 134
252 240
379 52
296 54
135 365
138 111
231 73
229 1
349 65
247 283
192 347
173 68
150 121
120 178
358 235
201 288
5 376
127 73
25 62
305 345
76 256
117 294
268 197
92 237
152 22
36 76
215 78
252 374
118 145
71 299
164 261
268 89
106 27
147 28
110 146
270 135
397 176
330 186
27 377
325 71
27 148
388 127
319 256
120 312
235 262
1 95
106 377
106 148
377 382
215 320
289 269
75 17
302 208
388 248
16 376
145 261
131 326
291 315
297 251
223 36
283 87
162 26
107 90
189 388
82 33
119 329
100 87
380 141
210 218
311 270
297 372
237 92
8 269
176 82
66 210
107 211
52 275
52 46
299 152
82 154
210 339
70 36
75 151
264 50
302 342
33 154
382 42
313 208
290 224
257 47
306 168
378 273
19 111
35 55
150 42
40 170
86 286
167 396
382 284
266 109
67 394
153 168
180 42
391 225
234 278
321 166
150 284
28 294
233 174
68 366
219 10
62 292
7 356
180 284
248 189
60 367
247 230
51 318
35 310
250 235
356 365
194 74
152 77
312 66
105 2
363 297
90 367
131 139
43 26
48 370
161 18
381 21
279 10
380 62
154 15
300 69
71 246
214 29
219 144
87 190
276 126
270 311
251 69
388 303
352 380
313 129
207 147
91 201
154 257
228 206
277 327
193 333
274 29
375 81
279 144
191 31
149 34
80 163
186 330
202 45
389 137
397 257
198 276
5 110
174 104
394 336
53 43
77 171
130 34
42 150
79 217
65 282
225 271
371 325
211 107
188 389
67 99
361 51
306 115
383 335
245 105
135 233
368 212
327 174
211 228
183 166
255 271
329 220
394 349
53 56
292 338
56 290
218 123
248 231
129 51
215 54
354 398
109 338
16 110
315 177
134 102
208 51
153 115
342 51
42 284
245 118
201 48
379 54
83 177
110 14
349 67
173 70
186 9
131 73
365 11
356 191
69 363
317 236
231 196
284 59
41 301
305 347
123 370
379 296
164 142
20 363
139 314
284 180
127 196
38 124
332 76
115 78
193 146
138 247
358 250
303 314
302 318
103 145
106 150
23 381
97 330
85 212
392 369
115 320
170 27
307 261
246 22
17 199
209 369
121 27
107 92
98 272
203 325
170 148
161 328
188 202
295 264
121 377
121 148
19 100
313 318
253 38
371 30
87 271
188 323
307 274
389 313
260 162
339 226
292 380
369 334
167 385
148 106
382 44
387 388
1 352
202 342
54 215
307 395
3 398
39 55
345 98
264 173
93 291
60 114
338 95
150 44
218 178
65 350
13 160
206 60
151 124
90 114
164 63
315 232
273 235
180 44
97 9
336 291
284 101
275 52
241 175
337 112
139 127
125 229
386 4
83 232
231 130
143 17
247 111
49 355
238 291
145 63
20 297
139 248
39 310
218 312
212 9
399 64
303 127
31 355
182 66
127 130
242 117
200 120
30 197
217 289
291 238
258 61
309 292
50 68
191 7
129 361
330 351
124 17
303 248
30 89
250 358
76 205
203 246
208 361
342 361
161 20
221 71
381 23
316 308
228 195
84 187
271 13
290 26
207 28
394 83
251 300
182 200
228 316
319 205
219 267
267 15
189 324
73 149
353 203
246 77
77 268
396 21
43 162
45 208
260 96
311 327
267 257
360 219
148 40
244 273
169 99
279 267
141 37
172 104
162 96
128 219
40 106
295 332
61 165
93 346
239 171
296 153
88 389
93 238
385 117
118 2
164 118
250 158
136 56
301 389
120 48
144 176
116 343
135 356
336 346
229 220
81 241
141 292
315 179
122 13
6 67
92 107
372 161
336 238
349 177
238 346
145 118
139 303
359 343
92 228
37 292
83 179
110 16
256 70
60 195
122 255
120 182
221 234
9 351
312 123
229 354
60 316
168 78
286 70
90 195
131 196
81 375
222 85
323 137
240 368
78 306
45 129
25 187
233 365
90 316
249 80
87 247
340 198
133 134
366 76
163 13
57 260
318 301
43 96
299 22
307 142
40 27
152 268
64 384
297 363
295 24
66 201
376 134
235 158
133 376
163 255
314 387
112 209
165 35
170 150
260 43
135 277
88 202
374 330
121 150
373 334
15 397
63 145
338 84
68 223
343 199
301 202
320 215
380 266
359 143
88 323
162 43
247 87
82 279
301 323
361 108
218 288
162 393
33 279
107 228
192 272
211 285
348 290
81 175
350 336
317 159
281 236
129 108
148 121
60 237
132 113
247 100
51 188
329 398
398 3
208 108
342 108
349 232
275 54
5 193
13 283
44 121
104 172
90 237
95 352
254 345
273 358
70 295
14 134
201 226
187 62
164 307
2 245
131 130
249 122
273 250
166 124
367 114
312 178
212 240
275 296
41 129
338 352
374 9
76 86
222 140
153 306
18 81
97 374
205 173
353 71
14 376
50 70
145 307
62 309
323 313
230 122
161 251
290 136
265 79
36 256
399 79
236 317
337 369
216 79
212 374
380 187
215 379
292 74
176 128
71 371
327 31
244 262
189 326
109 74
68 36
45 318
64 331
127 387
396 23
43 393
156 41
58 149
278 152
336 93
181 219
341 208
148 42
387 324
357 152
86 332
72 168
149 388
190 160
234 203
382 101
137 41
238 93
348 224
148 284
132 47
192 98
271 391
150 101
227 55
130 388
326 34
391 163
62 109
287 227
199 343
180 101
232 291
111 230
23 117
331 4
160 122
113 47
352 292
250 281
296 168
62 1
103 2
48 66
111 122
138 225
146 345
349 179
13 230
132 181
71 171
15 10
328 241
395 2
196 58
270 7
182 123
335 136
227 310
376 110
147 21
113 181
321 359
48 200
175 241
189 139
249 190
268 203
254 305
221 357
333 305
15 144
87 249
328 375
54 72
334 126
64 265
86 24
325 77
22 268
283 80
112 198
313 188
122 391
230 190
64 386
100 80
260 32
57 383
392 373
175 375
304 260
290 96
40 150
367 316
237 206
383 260
209 373
350 83
162 32
167 147
65 99
40 42
64 399
218 48
360 397
93 282
79 384
179 93
32 43
246 268
72 115
378 158
14 110
19 225
321 38
128 397
250 94
40 284
172 174
345 102
245 164
42 101
336 282
327 233
335 57
32 56
35 61
232 346
347 333
125 220
218 182
238 282
263 46
328 175
157 64
124 116
104 174
398 355
254 347
139 131
92 285
312 288
245 298
386 8
157 185
248 303
160 190
333 347
189 73
230 111
125 354
4 64
298 245
55 258
25 352
283 122
393 290
71 239
57 304
365 191
217 64
194 309
59 121
4 185
367 237
191 11
17 124
355 119
38 183
217 185
43 32
182 312
77 30
38 75
332 256
203 371
235 94
152 325
347 12
223 205
131 387
115 379
271 138
347 133
144 33
75 199
135 213
61 35
341 318
52 215
371 197
142 145
26 162
31 277
347 254
144 154
281 159
74 95
148 44
387 326
338 141
290 393
371 89
183 38
54 153
347 146
56 162
47 113
19 280
79 331
227 165
359 321
190 283
262 159
107 285
93 350
160 111
46 275
310 55
151 183
197 299
305 98
315 291
194 1
199 116
336 350
13 111
379 168
222 184
309 109
268 71
240 9
264 366
83 291
231 189
146 347
99 6
393 224
238 350
360 10
122 138
53 304
152 246
127 189
233 356
173 76
147 23
105 63
118 261
11 135
76 264
82 15
288 120
320 72
210 200
316 367
283 190
33 15
38 359
360 144
203 197
235 378
100 190
348 26
91 370
36 205
237 195
314 149
300 251
387 139
280 13
15 267
128 144
133 259
174 31
237 316
89 152
163 138
300 372
33 257
195 90
107 206
51 45
251 372
232 93
149 324
195 211
126 340
181 47
79 265
280 255
84 380
165 39
299 268
354 204
304 383
211 155
40 44
181 397
79 386
198 337
60 107
269 217
130 324
223 286
369 340
234 152
275 153
90 107
141 338
141 109
361 341
39 61
378 281
190 230
47 181
96 43
79 399
90 228
384 217
315 346
12 345
282 169
70 286
37 109
312 48
129 341
215 115
289 64
5 305
151 359
261 2
164 298
197 246
81 300
315 238
48 123
342 341
83 346
224 56
270 172
289 185
96 56
247 225
379 115
29 2
279 113
83 238
8 64
206 308
145 298
272 110
203 239
222 252
312 182
105 118
8 185
302 137
154 10
355 1
30 203
16 305
76 319
189 196
249 247
175 69
45 188
207 21
154 360
295 70
11 311
214 145
387 73
1 266
1 37
188 129
133 193
22 325
383 304
278 22
223 86
239 30
337 373
230 247
271 19
357 22
290 32
343 124
366 256
397 360
347 14
3 204
176 132
184 252
313 137
266 25
376 193
362 258
293 387
274 145
26 43
70 86
140 330
98 333
244 158
54 263
288 201
320 153
378 94
56 43
171 30
327 277
198 392
123 218
21 207
100 271
26 56
246 325
218 226
111 100
65 169
123 339
398 49
232 282
177 346
13 100
192 102
68 295
67 336
148 180
178 288
44 59
48 178
72 306
125 398
74 352
349 291
316 114
247 280
44 180
16 347
219 181
164 245
222 186
134 110
172 365
122 19
23 242
399 4
160 247
140 9
131 189
98 12
136 304
189 130
34 293
216 4
166 183
111 247
143 199
256 76
352 309
145 245
346 6
277 135
48 312
208 301
6 315
326 293
279 181
243 258
22 30
302 313
286 76
258 243
24 76
161 81
240 374
278 77
181 144
98 146
184 186
392 364
103 261
10 33
114 90
64 269
105 307
209 364
360 267
38 253
332 205
10 154
156 208
114 211
205 366
31 213
361 88
135 270
271 87
128 267
109 25
35 39
188 318
315 93
77 221
149 326
148 101
308 90
247 80
137 208
104 31
324 34
348 162
342 88
83 93
322 375
88 208
308 211
373 340
156 342
393 26
301 208
130 326
336 394
190 111
352 109
287 165
317 273
239 353
280 391
137 342
51 302
118 63
238 394
352 1
123 178
49 229
21 396
57 53
53 348
340 112
138 163
88 342
344 2
349 346
275 168
252 184
30 71
367 107
270 174
349 238
219 128
346 169
328 300
367 228
388 58
159 235
142 2
166 359
73 131
277 311
175 300
15 82
279 128
353 77
283 247
341 188
267 10
253 75
186 85
225 13
12 134
149 139
66 370
200 370
387 196
230 249
255 13
301 129
292 309
347 16
177 93
80 160
126 276
93 99
225 255
390 322
348 96
334 198
67 83
320 263
227 35
58 34
130 139
61 39
107 155
363 81
19 271
299 325
329 204
95 37
40 101
361 156
264 223
369 276
336 99
19 163
82 219
169 336
144 279
129 156
338 266
178 48
338 37
238 99
370 218
315 282
208 156
394 346
172 233
342 156
226 210
9 212
179 394
253 343
192 333
169 349
370 339
351 97
245 344
185 64
83 282
27 121
305 102
95 292
318 41
106 121
312 226
242 167
104 233
35 362
160 249
187 352
316 237
236 244
98 14
78 72
196 293
215 306
292 1
87 13
307 245
59 180
152 371
210 312
17 183
325 299
108 301
311 135
89 22
75 124
127 314
149 73
186 140
387 130
45 137
17 75
77 89
116 17
140 374
300 363
313 302
368 9
87 255
54 78
381 207
114 92
251 363
339 210
223 264
130 73
190 87
264 36
181 267
85 330
52 153
253 143
189 387
299 30
257 33
347 192
366 205
359 17
179 315
327 213
234 22
280 138
54 320
257 154
306 275
70 264
306 46
116 151
190 100
88 318
308 92
79 269
349 93
239 221
192 146
266 95
63 261
348 393
174 277
301 318
177 282
364 337
354 329
385 396
385 167
21 385
389 323
153 275
153 46
254 98
359 151
146 272
239 234
388 34
333 98
63 274
123 288
204 398
171 221
212 222
322 390
63 395
398 119
136 348
76 68
315 350
231 127
393 162
85 9
103 63
263 52
304 53
83 350
231 248
50 173
220 355
118 307
99 65
319 68
276 112
395 63
91 66
127 248
71 353
84 292
390 69
152 197
173 256
300 297
159 358
360 82
337 364
340 369
133 305
17 359
251 297
325 246
58 131
347 5
283 249
355 354
355 125
128 82
100 249
45 313
293 149
91 200
36 264
223 319
176 15
322 69
244 378
376 305
31 270
394 93
259 134
168 275
80 391
234 77
73 388
3 329
77 278
278 268
223 332
176 257
80 283
281 273
373 276
371 203
357 268
260 335
375 322
213 31
396 381
68 286
197 171
155 211
232 394
70 332
226 91
262 273
162 335
160 225
41 45
146 98
225 391
25 37
136 53
260 348
139 58
111 225
349 282
247 271
159 158
393 96
269 289
255 391
310 61
172 356
13 225
132 176
247 163
305 333
35 243
291 169
103 118
48 182
282 349
39 362
152 239
105 164
231 303
69 241
14 305
11 7
20 241
395 118
367 285
312 120
358 236
265 8
110 134
399 8
127 303
206 367
25 292
98 16
356 311
235 250
216 8
174 11
131 314
57 136
115 306
392 126
105 298
69 375
110 376
270 365
223 24
350 65
209 126
68 86
320 78
36 319
339 91
149 196
52 263
341 137
368 240
239 89
192 14
343 183
348 32
70 24
366 86
198 209
43 335
280 19
266 84
1 338
343 75
246 371
265 384
399 384
130 196
10 279
63 142
216 384
114 107
172 277
191 327
287 35
199 151
232 99
171 89
396 207
368 374
93 169
65 336
123 48
202 341
114 228
102 110
46 215
261 103
82 397
49 220
305 146
241 390
375 390
241 161
111 280
23 167
14 347
33 397
377 170
1 220
201 210
165 287
65 349
104 277
178 226
197 239
398 229
384 331
29 103
69 175
143 124
41 342
239 357
13 280
71 221
76 70
370 288
20 175
194 62
349 350
228 60
324 293
131 127
15 181
263 54
71 234
319 70
219 132
186 184
131 248
22 197
173 366
272 345
98 192
346 65
103 307
263 296
221 299
224 304
96 304
108 129
22 89
149 130
85 374
181 82
395 307
375 69
279 132
105 245
213 7
295 76
286 256
112 369
24 256
371 71
17 253
281 262
341 313
5 98
332 264
225 138
343 359
276 369
381 385
155 308
12 259
246 197
253 321
327 270
109 84
255 138
174 213
265 331
227 39
303 34
239 278
280 87
269 157
12 272
58 388
245 214
16 98
384 265
315 394
391 160
206 114
269 399
384 386
169 232
342 389
171 278
83 394
124 166
289 4
316 107
32 348
51 361
252 351
90 60
351 330
39 243
97 184
316 228
321 343
159 281
384 399
236 235
98 5
351 222
277 7
318 45
210 182
270 233
182 120
8 4
131 303
313 51
134 345
29 63
15 128
193 134
91 123
41 302
314 131
346 349
203 71
82 10
33 10
186 252
390 18
18 375
221 246
339 201
297 241
350 67
65 83
189 149
183 75
147 381
202 88
133 254
12 193
94 262
383 136
332 319
192 16
82 144
271 80
73 324
389 301
301 188
31 327
89 268
22 278
195 206
33 144
216 265
288 370
265 386
278 325
74 266
74 37
321 143
216 386
357 325
21 147
81 161
315 99
342 202
177 394
125 204
372 81
257 279
7 104
342 323
158 273
190 225
83 99
234 268
201 91
261 105
159 94
393 32
35 287
95 338
370 48
254 102
199 166
264 295
317 158
358 159
330 97
27 59
333 102
29 105
273 236
106 59
27 180
261 118
118 298
11 172
282 177
106 180
154 113
99 177
30 77
203 234
29 118
227 362
304 57
97 252
91 178
196 231
223 68
383 57
127 131
80 19
318 342
222 368
353 299
256 366
397 113
297 175
388 293
71 357
272 347
52 78
271 122
86 76
75 183
214 261
286 366
387 189
340 373
18 322
147 207
91 312
94 317
52 320
313 361
84 309
299 197
225 19
141 25
325 371
292 194
278 30
214 274
184 368
299 89
266 141
109 194
183 143
357 30
202 156
274 261
255 19
172 213
72 275
72 46
366 264
37 25
214 395
132 33
51 108
390 328
54 379
343 253
361 41
149 387
132 154
114 285
62 95
42 382
190 280
396 385
377 106
129 41
113 33
338 380
104 213
123 226
274 395
208 41
259 272
130 387
9 97
229 329
113 154
49 398
250 159
296 275
136 57
7 172
78 52
391 283
1 398
206 237
154 47
71 278
219 176
282 232
386 289
97 186
344 63
99 232
118 245
81 363
84 109
230 163
1 74
284 170
325 171
55 310
36 68
96 348
397 47
311 7
360 128
236 358
10 15
84 1
134 347
334 112
279 176
270 356
163 230
242 294
261 307
154 181
374 184
142 63
353 246
110 259
163 122
80 87
29 307
390 20
50 366
77 203
397 181
190 80
46 72
271 190
106 382
114 206
241 18
375 18
195 316
24 205
385 147
73 326
18 390
188 313
366 319
259 193
364 209
245 29
314 388
162 260
126 337
248 34
82 267
68 332
109 141
147 396
21 28
174 270
158 262
58 324
33 267
377 40
308 206
198 334
335 43
144 219
56 335
160 163
349 99
187 37
151 343
398 220
236 158
26 348
39 287
328 161
111 163
13 271
335 56
263 153
254 333
56 348
13 163
81 297
48 120
175 161
395 164
119 1
317 281
224 53
298 2
344 118
96 53
316 285
25 338
25 109
11 174
398 354
122 190
18 69
64 185
69 300
187 292
99 179
291 349
310 362
103 298
170 59
323 301
20 300
194 187
381 242
105 344
110 193
223 70
121 59
66 123
267 113
200 123
346 177
203 357
170 180
142 118
395 298
325 239
292 62
121 180
214 142
365 311
43 260
244 250
189 314
156 137
109 62
68 24
73 139
174 191
205 295
100 13
374 252
197 30
394 315
213 11
163 190
283 255
112 373
183 253
207 381
274 142
389 129
100 255
380 309
218 210
89 325
116 199
88 137
126 392
5 102
320 379
301 137
158 317
306 215
28 207
281 158
93 336
254 146
359 199
273 159
369 392
46 153
241 328
375 328
153 215
122 111
317 94
234 325
93 349
215 46
16 102
384 269
309 95
146 333
41 51
108 41
379 275
238 336
379 46
370 226
53 290
139 293
226 218
78 54
143 183
214 63
117 396
324 231
117 167
268 299
376 98
226 339
303 293
62 352
277 11
189 127
362 55
78 296
124 183
380 109
36 70
77 71
163 111
237 60
66 178
200 178
38 116
346 232
332 68
103 245
189 248
15 132
274 63
380 1
344 307
374 186
101 27
395 245
257 15
45 361
193 259
204 125
149 189
267 181
253 17
175 363
390 251
101 377
101 148
188 302
95 74
89 30
302 323
66 312
47 33
181 33
146 12
390 372
385 28
142 307
285 90
362 310
147 385
241 20
193 272
375 20
130 189
75 253
295 256
47 154
181 154
234 246
308 195
146 133
137 313
285 211
338 74
155 367
334 369
88 313
322 251
14 98
308 316
146 254
253 151
170 382
183 321
301 313
141 95
58 326
171 203
121 382
162 383
322 372
377 42
373 337
269 216
76 50
356 104
37 95
264 286
317 378
104 270
53 224
125 329
28 396
102 345
243 55
377 284
197 353
319 50
236 281
331 289
138 160
277 174
222 9
166 343
23 294
143 359
210 120
284 106
330 222
310 243
263 168
268 246
328 297
221 171
240 184
212 351
152 71
304 290
161 241
293 131
124 359
64 79
243 310
91 182
369 126
19 13
346 179
79 64
354 3
175 297
340 364
22 203
228 308
93 83
79 185
288 66
297 300
264 86
176 10
396 242
267 128
43 383
271 247
161 375
290 260
58 139
218 91
77 152
176 360
314 324
391 19
336 83
33 82
387 314
371 77
114 155
347 134
294 207
280 80
10 219
202 389
238 83
174 327
75 321
190 271
19 160
46 263
373 392
51 341
266 37
236 94
348 335
309 84
347 376
124 38
284 27
206 107
144 397
284 148
74 338
132 279
261 164
206 228
16 333
169 346
34 387
227 287
356 172
208 45
9 330
284 40
349 169
136 290
29 164
326 387
152 234
50 223
113 279
122 247
194 352
161 175
261 298
200 288
291 177
323 129
311 11
388 231
214 307
360 132
332 70
29 298
115 72
309 352
221 239
366 68
11 365
387 127
128 132
73 196
58 73
341 361
387 248
280 122
101 150
274 307
353 371
86 256
119 204
163 247
278 197
171 71
295 366
52 379
146 14
63 245
285 92
357 197
202 323
301 302
375 251
141 84
278 89
281 94
357 89
40 382
375 372
361 208
37 84
350 315
391 87
352 95
197 221
16 146
199 38
364 334
331 157
28 385
363 375
129 208
377 44
2 103
134 259
342 208
232 336
243 165
50 36
391 100
294 396
294 167
197 234
76 173
136 224
361 342
102 347
358 273
41 108
134 272
138 391
129 342
314 58
30 299
319 173
272 98
222 240
208 342
282 291
15 176
345 347
207 117
138 283
353 171
224 57
201 339
22 71
99 291
291 232
258 55
119 125
110 305
374 351
140 184
1 25
73 130
205 286
306 72
222 374
339 370
112 364
387 303
184 240
51 88
12 133
246 71
292 187
258 310
271 249
109 187
276 364
12 254
53 26
281 378
314 326
239 152
280 190
299 203
247 13
211 90
290 383
169 93
293 388
155 195
7 31
12 146
252 212
155 316
262 378
19 391
