There are 24 strongly connected components in this graph.

[1, 338, 187, 141, 37, 62, 95, 84, 25, 74, 266, 309, 109, 194, 352, 380, 292, 354, 3, 329, 49, 355, 204, 220, 119, 125, 229, 398]
[41, 389, 156, 51, 188, 323, 137, 361, 301, 302, 108, 318, 342, 313, 202, 129, 341, 208, 45, 88]
[22, 77, 239, 353, 325, 171, 268, 71, 299, 371, 234, 246, 30, 221, 203, 278, 197, 89, 152, 357]
[13, 190, 80, 391, 247, 280, 138, 19, 160, 249, 122, 225, 163, 255, 271, 230, 87, 111, 283, 100]
[5, 146, 272, 102, 133, 259, 345, 333, 134, 98, 347, 376, 192, 12, 110, 193, 305, 254, 16, 14]
[34, 231, 139, 314, 149, 326, 248, 130, 58, 127, 73, 293, 131, 189, 196, 324, 388, 303, 387]
[6, 238, 99, 282, 169, 350, 346, 291, 179, 232, 177, 394, 65, 315, 67, 336, 83, 349, 93]
[10, 257, 15, 113, 176, 154, 397, 132, 181, 33, 219, 47, 279, 267, 144, 360, 128, 82]
[26, 136, 260, 348, 335, 393, 53, 290, 32, 224, 96, 56, 57, 43, 304, 162, 383]
[24, 264, 86, 50, 36, 76, 223, 319, 256, 70, 366, 332, 205, 68, 286, 173, 295]
[2, 307, 298, 344, 395, 245, 142, 145, 105, 164, 118, 63, 261, 29, 103, 214, 274]
[48, 66, 339, 120, 91, 312, 226, 200, 201, 178, 288, 182, 123, 210, 370, 218]
[18, 363, 390, 372, 161, 69, 241, 300, 322, 81, 328, 297, 375, 20, 251, 175]
[7, 135, 31, 356, 11, 233, 277, 365, 311, 191, 213, 270, 172, 174, 327, 104]
[60, 195, 285, 206, 211, 92, 90, 367, 228, 237, 155, 316, 107, 308, 114]
[46, 54, 115, 78, 306, 320, 153, 72, 168, 215, 296, 52, 379, 275, 263]
[27, 382, 101, 377, 42, 284, 44, 59, 150, 180, 40, 106, 170, 121, 148]
[4, 64, 384, 269, 157, 217, 185, 265, 386, 331, 399, 289, 8, 79, 216]
[17, 321, 116, 343, 143, 199, 253, 359, 183, 38, 151, 166, 75, 124]
[9, 351, 240, 186, 140, 330, 252, 368, 97, 184, 85, 212, 222, 374]
[94, 358, 158, 273, 250, 317, 235, 378, 159, 236, 244, 281, 262]
[112, 392, 276, 364, 334, 126, 198, 369, 373, 209, 337, 340]
[21, 385, 242, 207, 23, 117, 167, 381, 28, 294, 396, 147]
[35, 39, 243, 55, 61, 362, 258, 165, 310, 287, 227]
